output = tCl,pCl,lCl,mPk
modes = s
ic = ad
gauge = new
h = 0.67810
YHe = 0.25
T_cmb = 2.7255
omega_b = 0.02238280
omega_cdm = 0.1201075
N_ncdm = 2
B_sp = 0.0118
E = 1.2175e12
N0 = 1.9250e37
s = 91.192
m_ncdm = 0.04,38.62194
deg_ncdm = 3,1
ncdm_quadrature_strategy = 2,3
k_pivot = 0.05
A_s = 2.100549e-09
n_s = 0.9660499
lensing = yes
